00744931	FUN_00744931
00744328	FUN_00744328
0074520f	FUN_0074520f
007a1541	FUN_007a1541
007a1521	FUN_007a1521
007a1501	FUN_007a1501
007a1562	FUN_007a1562
